15
24
28
34
40
45
5
15
16
19
31
37
23
28
33
34
41
45
2
9
15
24
31
33
13
18
30
41
42
44
7
14
20
23
27
46
3
10
17
21
37
46
8
23
31
39
41
45
3
16
20
25
29
33
14
24
25
26
29
40
4
9
15
27
29
34
7
19
33
37
39
42
13
16
20
28
37
47
10
13
24
32
33
42
12
22
23
29
38
44
4
10
14
15
29
43
2
9
21
34
37
44
9
21
27
28
30
41
4
5
7
16
43
47
4
8
14
15
31
34
5
8
11
18
22
36
3
10
16
37
38
42
12
14
22
26
33
45
1
7
10
12
24
34
5
11
18
35
40
42
2
11
26
31
40
47
5
14
27
28
31
44
6
10
16
24
25
46
1
2
8
33
38
41
2
4
10
17
20
41
14
20
24
38
41
45
13
19
20
33
40
43
3
10
12
23
29
45
1
3
20
22
39
44
11
27
29
34
35
40
10
15
19
21
24
37
4
13
16
23
33
42
15
17
23
31
33
41
3
15
20
22
24
45
2
5
13
31
42
44
2
5
16
17
22
23
4
5
23
30
42
47
